0 0.686594 0.37963 0.0615942 0.211111
0 0.453502 0.569444 0.146135 0.716667
0 0.609903 0.617593 0.140097 0.635185
0 0.906401 0.6 0.17029 0.711111
0 0.757246 0.599074 0.142512 0.731481
0 0.0942029 0.574074 0.183575 0.792593
0 0.275966 0.57963 0.179952 0.744444
0 0.686594 0.37963 0.0615942 0.211111
0 0.453502 0.569444 0.146135 0.716667
0 0.609903 0.617593 0.140097 0.635185
0 0.906401 0.6 0.17029 0.711111
0 0.757246 0.599074 0.142512 0.731481
0 0.0942029 0.574074 0.183575 0.792593
0 0.275966 0.57963 0.179952 0.744444
0 0.686594 0.37963 0.0615942 0.211111
0 0.453502 0.569444 0.146135 0.716667
0 0.609903 0.617593 0.140097 0.635185
0 0.906401 0.6 0.17029 0.711111
0 0.757246 0.599074 0.142512 0.731481
0 0.0942029 0.574074 0.183575 0.792593
0 0.275966 0.57963 0.179952 0.744444
