0 0.789744 0.515982 0.133333 0.625571
0 0.652137 0.363014 0.145299 0.365297
0 0.605128 0.240868 0.0786325 0.148402
0 0.266667 0.472603 0.0923077 0.56621
0 0.759829 0.648402 0.104274 0.369863
0 0.0589744 0.453196 0.11453 0.623288
0 0.620513 0.607306 0.109402 0.497717
0 0.422222 0.465753 0.116239 0.598173
0 0.52906 0.488584 0.14188 0.639269
0 0.334188 0.504566 0.14188 0.589041
0 0.142735 0.497717 0.176068 0.611872
0 0.928205 0.579909 0.14359 0.575342
0 0.789744 0.515982 0.133333 0.625571
0 0.652137 0.363014 0.145299 0.365297
0 0.605128 0.240868 0.0786325 0.148402
0 0.266667 0.472603 0.0923077 0.56621
0 0.759829 0.648402 0.104274 0.369863
0 0.0589744 0.453196 0.11453 0.623288
0 0.620513 0.607306 0.109402 0.497717
0 0.422222 0.465753 0.116239 0.598173
0 0.52906 0.488584 0.14188 0.639269
0 0.334188 0.504566 0.14188 0.589041
0 0.142735 0.497717 0.176068 0.611872
0 0.928205 0.579909 0.14359 0.575342
0 0.789744 0.515982 0.133333 0.625571
0 0.652137 0.363014 0.145299 0.365297
0 0.605128 0.240868 0.0786325 0.148402
0 0.266667 0.472603 0.0923077 0.56621
0 0.759829 0.648402 0.104274 0.369863
0 0.0589744 0.453196 0.11453 0.623288
0 0.620513 0.607306 0.109402 0.497717
0 0.422222 0.465753 0.116239 0.598173
0 0.52906 0.488584 0.14188 0.639269
0 0.334188 0.504566 0.14188 0.589041
0 0.142735 0.497717 0.176068 0.611872
0 0.928205 0.579909 0.14359 0.575342
