0 0.561916 0.546681 0.0303738 0.16805
0 0.439836 0.676349 0.0876168 0.622407
0 0.715537 0.826764 0.0735981 0.338174
0 0.499416 0.703319 0.113318 0.580913
0 0.739486 0.687759 0.123832 0.607884
0 0.635514 0.679461 0.100467 0.63278
0 0.357477 0.676349 0.156542 0.630705
0 0.561916 0.546681 0.0303738 0.16805
0 0.439836 0.676349 0.0876168 0.622407
0 0.715537 0.826764 0.0735981 0.338174
0 0.499416 0.703319 0.113318 0.580913
0 0.739486 0.687759 0.123832 0.607884
0 0.635514 0.679461 0.100467 0.63278
0 0.357477 0.676349 0.156542 0.630705
0 0.561916 0.546681 0.0303738 0.16805
0 0.439836 0.676349 0.0876168 0.622407
0 0.715537 0.826764 0.0735981 0.338174
0 0.499416 0.703319 0.113318 0.580913
0 0.739486 0.687759 0.123832 0.607884
0 0.635514 0.679461 0.100467 0.63278
0 0.357477 0.676349 0.156542 0.630705
