0 0.901391 0.581798 0.165613 0.827736
0 0.199431 0.527086 0.218078 0.921993
0 0.551201 0.562839 0.219975 0.856988
0 0.10177 0.55688 0.197219 0.866739
0 0.744943 0.553629 0.194058 0.873239
0 0.391909 0.620802 0.201011 0.730228
0 0.901391 0.581798 0.165613 0.827736
0 0.199431 0.527086 0.218078 0.921993
0 0.551201 0.562839 0.219975 0.856988
0 0.10177 0.55688 0.197219 0.866739
0 0.744943 0.553629 0.194058 0.873239
0 0.391909 0.620802 0.201011 0.730228
0 0.901391 0.581798 0.165613 0.827736
0 0.199431 0.527086 0.218078 0.921993
0 0.551201 0.562839 0.219975 0.856988
0 0.10177 0.55688 0.197219 0.866739
0 0.744943 0.553629 0.194058 0.873239
0 0.391909 0.620802 0.201011 0.730228
